33,327
33,326
43,35
33,368
33,367
33,366
33,365
33,364
33,363
33,362
33,361
33,360
33,359
33,358
33,357
33,356
33,15
33,320
33,7
33,5
33,1
33,325
33,3
14,6
10,69
10,142
10,215
10,173
10,105
10,144
11,5
11,12
11,7
9,7
8,17
8,16
20,3
20,2
20,1
19,3
19,2
19,1
12,3
12,2
12,1
11,28
11,27
11,26
11,25
11,24
11,23
11,22
11,21
11,20
11,19
11,18
11,11
11,4
11,3
11,2
11,1
10,302
10,301
10,300
10,299
10,298
10,297
10,296
10,295
10,294
10,293
10,292
10,291
10,290
10,289
10,288
10,287
10,286
10,285
10,284
10,283
10,282
10,281
10,280
10,279
10,278
10,277
10,276
10,275
10,274
10,273
10,272
10,271
10,270
10,269
10,268
10,267
10,266
10,265
10,264
10,263
10,262
10,261
10,260
10,259
10,258
10,257
10,256
10,255
10,254
10,253
10,252
10,251
10,250
10,249
10,248
10,247
10,246
10,245
10,244
10,243
10,242
10,241
10,240
10,239
10,238
10,237
10,236
10,235
10,234
10,233
10,232
10,231
10,230
10,229
10,228
10,227
10,226
10,225
10,224
10,223
10,222
